7119
7120
7128
7167
7179
7187
7201
7236
7263
7265
7290
7296
7310
7332
7349
7366
10036
10357
10373
10489
10584
10586
10612
10620
10627
10638
10685
10751
10849
10867
10900
10905
10944
11124
11178
11211
11231
11259
11279
11299
11304
11361
11550
11622
11661
11700
11709
11712
11818
11846
11951
12036
12042
12043
12065
12066
12085
12092
12248
12250
12259
12289
12349
12414
12477
12530
12531
12536
12552
12553
12558
12559
12560
12561
12562
12563
12565
12579
12590
12592
12596
12597
12605
12606
12617
19179
19825
19898
20043
20411
20453
20555
20745
20985
22241
22301
22339
22367
22433
22692
23372
23472
23782
23807
24644
24931
25308
25493
25913
26387
26503
26525
26652
26670
26875
26899
27267
27619
28164
28668
29133
29557
30341
30663
30666
30739
31249
31601
32052
32086
32259
32324
32566
32601
32625
32932
33116
33457
33930
35059
40147
40453
41083
41085
41086
41452
41510
44781
44817
44826
44853
44962
45001
45007
45087
45091
45092
45134
45146
45159
45162
45164
45166
45168
45173
45176
45177
45178
45189
45203
45262
45267
45305
45354
45372
45374
45378
45384
45385
45387
45397
45403
45415
45419
45443
45444
45448
45463
45516
45523
45524
45526
45573
45575
45600
45606
45612
45622
45632
45633
45636
45638
45642
45645
45661
45662
45667
45670
45671
45676
45677
45687
45689
45690
45691
45693
45694
45696
45699
45710
45717
45725
45767
45776
45780
45783
45784
45790
45841
45850
45855
45908
45910
45915
45916
45940
45948
45949
45950
45961
45963
46002
46014
46019
46044
46045
46057
46109
46117
46120
46130
46145
46166
46172
46179
46180
46197
46199
46230
46236
46277
46380
46401
46403
46408
46417
46427
46430
46437
46439
46440
46443
46462
46490
46544
46549
46563
46598
46616
46653
46699
46700
46732
46741
46762
46768
46787
46801
46847
46856
46859
46874
46879
46889
46893
46896
46922
46944
46955
46966
47021
47088
47089
47099
47178
47180
47182
47185
47187
47227
47233
47235
47238
47252
47254
47290
47296
47316
47388
47391
47419
47443
47466
47514
47529
47565
47570
47585
47595
47601
47613
47648
47651
47669
47711
47729
47808
47817
47853
47944
47954
47963
47976
48010
48013
48018
48023
48036
48051
48167
48169
48177
48243
48253
48263
48271
48452
48467
48497
48623
48700
48721
48797
48855
48859
48876
48878
49025
49038
49062
49132
49133
49140
49182
49188
100282
100283
100732
101377
101378
101564
101579
101591
101593
101594
101599
101611
101612
101613
101619
101773
101808
101908
101909
101924
101940
101946
101947
102018
102019
102044
102153
102154
102155
102156
102158
102160
102163
102165
102171
102173
102177
102181
102182
102186
102187
102189
102192
102193
102194
102200
102201
102202
102210
102218
102219
102227
102229
102244
102301
102309
102311
102316
102318
102380
102381
102384
102387
102389
102418
102423
102996
103010
103012
103351
103361
103369
103480
103490
103508
103518
103521
103528
103633
103634
103635
103646
103647
103775
103781